85658.jpg -7.99337684191400921 -38.29415469621165613 1498.49
85659.jpg -7.99404574731370499 -38.2959678834616426 1506.058
85660.jpg -7.99472970389016702 -38.29775912940622362 1514.685
85661.jpg -7.99544217891972142 -38.29954926253419956 1519.404
85662.jpg -7.99618090181852637 -38.30134342279849591 1517.274
85792.jpg -7.98814395747439931 -38.29631656802897766 1513.095
85793.jpg -7.98892042692799098 -38.29815877044548245 1510.531
85794.jpg -7.98969016100925433 -38.30001799578901966 1508.329
85795.jpg -7.99046825398068794 -38.30189873709814208 1510.096
85796.jpg -7.99125903295983164 -38.3037818419256908 1513.61
